30 10
4 28965 3 47 99 1753 288 73 1 310
244 53 262 7 92 54321 220 12 438 0
2001  2002 2003 2004 2005 2006 207 208 29 30
123 124    128    863 34 9 82 1752 37 172
3 442 87 6 3 5 1112    987 66 2
1 1 11 11 111 111 1111 1111 11111 11111
2 2 22 22 222 222 2222  2222 22222 22222
3 3 33 33 333 333 3333     3333 33333 33333
234 2134 78 65 7 12 7823    8234 79 634
4  68  89  4 76 31 683 07 6713    6
234 80 8 12 0 91234 9 823 2 3
    387 9  0 6   7   8 23 49 34 03
76 3636 5328 09348 71 365 137 8 4 4
7 8  3 23 80 07 43 83 76 2
 762 39 237 83 49 7347 63 48 3 47
63 4 7 6 34 7 93 4 763 4
7 61 378 135 61 36 5 5 5 5
  99 1753 288 128 54321 220 12 438 0 3
 863 34 9 82 1752  73 1 310 3 442
   1112    987 66 2 4  68  89  4 76 3
1 683 2134 78 65 7  07 6713    6 244
 53 262 7 92 387 9  91234 9 823 2
 3 0 6    234 12 7823    8234 79 634 7
   8 23 49 34 03 234 80 8 12 0
  123 124     37 172 9888 63 4 7  763 4
 71 365 137 8 4 4 7 8 76 36
 83 49 7347 63 5328 09 348  3 23 80
 07 43 83 76 2 7 61 378 135 762
 39 6 34 7 93 4237  48 3 47  61
 36 5 5 5 5 5 5 5 5  5
30 10
4 28965 3 47 99 1753 288 73 1 310
244 53 262 7 92 54321 220 12 438 0
2001  2002 2003 2004 2005 2006 207 208 29 30
123 124    128    863 34 9 82 1752 37 172
3 442 87 6 3 5 1112    987 66 2
1 1 11 11 111 111 1111 1111 11111 11111
2 2 22 22 222 222 2222  2222 22222 22222
3 3 33 33 333 333 3333     3333 33333 33333
234 2134 78 65 7 12 7823    8234 79 634
4  68  89  4 76 31 683 07 6713    6
234 80 8 12 0 91234 9 823 2 3
    387 9  0 6   7   8 23 49 34 03
76 3636 5328 09348 71 365 137 8 4 4
7 8  3 23 80 07 43 83 76 2
 762 39 237 83 49 7347 63 48 3 47
63 4 7 6 34 7 93 4 763 4
7 61 378 135 61 36 5 5 5 5
  99 1753 288 128 54321 220 12 438 0 3
 863 34 9 82 1752  73 1 310 3 442
   1112    987 66 2 4  68  89  4 76 3
1 683 2134 78 65 7  07 6713    6 244
 53 262 7 92 387 9  91234 9 823 2
 3 0 6    234 12 7823    8234 79 634 7
   8 23 49 34 03 234 80 8 12 0
  123 124     37 172 9888 63 4 7  763 4
 71 365 137 8 4 4 7 8 76 36
 83 49 7347 63 5328 09 348  3 23 80
 07 43 83 76 2 7 61 378 135 762
 39 6 34 7 93 4237  48 3 47  61
 36 5 5 5 5 5 5 5 5  5
30 10
4 28965 3 47 99 1753 288 73 1 310
244 53 262 7 92 54321 220 12 438 0
2001  2002 2003 2004 2005 2006 207 208 29 30
123 124    128    863 34 9 82 1752 37 172
3 442 87 6 3 5 1112    987 66 2
1 1 11 11 111 111 1111 1111 11111 11111
2 2 22 22 222 222 2222  2222 22222 22222
3 3 33 33 333 333 3333     3333 33333 33333
234 2134 78 65 7 12 7823    8234 79 634
4  68  89  4 76 31 683 07 6713    6
234 80 8 12 0 91234 9 823 2 3
    387 9  0 6   7   8 23 49 34 03
76 3636 5328 09348 71 365 137 8 4 4
7 8  3 23 80 07 43 83 76 2
 762 39 237 83 49 7347 63 48 3 47
63 4 7 6 34 7 93 4 763 4
7 61 378 135 61 36 5 5 5 5
  99 1753 288 128 54321 220 12 438 0 3
 863 34 9 82 1752  73 1 310 3 442
   1112    987 66 2 4  68  89  4 76 3
1 683 2134 78 65 7  07 6713    6 244
 53 262 7 92 387 9  91234 9 823 2
 3 0 6    234 12 7823    8234 79 634 7
   8 23 49 34 03 234 80 8 12 0
  123 124     37 172 9888 63 4 7  763 4
 71 365 137 8 4 4 7 8 76 36
 83 49 7347 63 5328 09 348  3 23 80
 07 43 83 76 2 7 61 378 135 762
 39 6 34 7 93 4237  48 3 47  61
 36 5 5 5 5 5 5 5 5  5
30 10
4 28965 3 47 99 1753 288 73 1 310
244 53 262 7 92 54321 220 12 438 0
2001  2002 2003 2004 2005 2006 207 208 29 30
123 124    128    863 34 9 82 1752 37 172
3 442 87 6 3 5 1112    987 66 2
1 1 11 11 111 111 1111 1111 11111 11111
2 2 22 22 222 222 2222  2222 22222 22222
3 3 33 33 333 333 3333     3333 33333 33333
234 2134 78 65 7 12 7823    8234 79 634
4  68  89  4 76 31 683 07 6713    6
234 80 8 12 0 91234 9 823 2 3
    387 9  0 6   7   8 23 49 34 03
76 3636 5328 09348 71 365 137 8 4 4
7 8  3 23 80 07 43 83 76 2
 762 39 237 83 49 7347 63 48 3 47
63 4 7 6 34 7 93 4 763 4
7 61 378 135 61 36 5 5 5 5
  99 1753 288 128 54321 220 12 438 0 3
 863 34 9 82 1752  73 1 310 3 442
   1112    987 66 2 4  68  89  4 76 3
1 683 2134 78 65 7  07 6713    6 244
 53 262 7 92 387 9  91234 9 823 2
 3 0 6    234 12 7823    8234 79 634 7
   8 23 49 34 03 234 80 8 12 0
  123 124     37 172 9888 63 4 7  763 4
 71 365 137 8 4 4 7 8 76 36
 83 49 7347 63 5328 09 348  3 23 80
 07 43 83 76 2 7 61 378 135 762
 39 6 34 7 93 4237  48 3 47  61
 36 5 5 5 5 5 5 5 5  5
30 10
4 28965 3 47 99 1753 288 73 1 310
244 53 262 7 92 54321 220 12 438 0
2001  2002 2003 2004 2005 2006 207 208 29 30
123 124    128    863 34 9 82 1752 37 172
3 442 87 6 3 5 1112    987 66 2
1 1 11 11 111 111 1111 1111 11111 11111
2 2 22 22 222 222 2222  2222 22222 22222
3 3 33 33 333 333 3333     3333 33333 33333
234 2134 78 65 7 12 7823    8234 79 634
4  68  89  4 76 31 683 07 6713    6
234 80 8 12 0 91234 9 823 2 3
    387 9  0 6   7   8 23 49 34 03
76 3636 5328 09348 71 365 137 8 4 4
7 8  3 23 80 07 43 83 76 2
 762 39 237 83 49 7347 63 48 3 47
63 4 7 6 34 7 93 4 763 4
7 61 378 135 61 36 5 5 5 5
  99 1753 288 128 54321 220 12 438 0 3
 863 34 9 82 1752  73 1 310 3 442
   1112    987 66 2 4  68  89  4 76 3
1 683 2134 78 65 7  07 6713    6 244
 53 262 7 92 387 9  91234 9 823 2
 3 0 6    234 12 7823    8234 79 634 7
   8 23 49 34 03 234 80 8 12 0
  123 124     37 172 9888 63 4 7  763 4
 71 365 137 8 4 4 7 8 76 36
 83 49 7347 63 5328 09 348  3 23 80
 07 43 83 76 2 7 61 378 135 762
 39 6 34 7 93 4237  48 3 47  61
 36 5 5 5 5 5 5 5 5  5
30 10
4 28965 3 47 99 1753 288 73 1 310
244 53 262 7 92 54321 220 12 438 0
2001  2002 2003 2004 2005 2006 207 208 29 30
123 124    128    863 34 9 82 1752 37 172
3 442 87 6 3 5 1112    987 66 2
1 1 11 11 111 111 1111 1111 11111 11111
2 2 22 22 222 222 2222  2222 22222 22222
3 3 33 33 333 333 3333     3333 33333 33333
78 65     8234 234 2134 7 12 7823  79 634
4  68 4 76 31 683 07 6713 89      6
234 80 8 12 0 91234 9 823 2 3
    387 9  0 6   7   8 23 49 34 03
76 3636  137 8 4 4 5328 09348 71 365
7 8  3 23 80 07 43 83 76 2
 762 39  48 3 47     237 83 49 7347 63
63  93 4 763 4 4 7 6 34 7
7 61 378 135 61 36 5 5 5 5
 54321 220 12   99 1753 288 128 438 0 3
 863 34 9 82 1752  73 1 310 3 442
   1112    987 66 2 4  68  89  4 76 3
1 683 2134 78 65 7  07 6713    6 244
 53 262 7 92 387 9  91234 9 823 2
 3 0 6    234 12 7823    8234 79 634 7
   8 23 49 34 03 234 80 8 12 0
 37 172 9888 63  123 124     4 7  763 4
 71 365 137 8 4 4 7 8 76 36
 83 49 7347 63 5328 09 348  3 23 80
  7 61 378 135 762 07 43 83 76 2
 39 6 34 7 93 4237  48 3 47  61
5 5 5 5 5 5 5 5  5 36
1 1
0
1 2
0 0
2 1
1
0
2 2
1 5
0 6
2 3
1 2 3
0 1 2
